9.999995810136289576e-01 -8.258327182368288208e-04 3.949340299086392557e-04 -3.940132768529678448e-02
8.263081706736945687e-04 9.999989323122265850e-01 -1.205234090845977565e-03 4.749555370654912068e-01
-3.939382864970535471e-04 1.205559923085129095e-03 9.999991957186257219e-01 -4.506028463334928874e-02
0.000000000000000000e+00 0.000000000000000000e+00 0.000000000000000000e+00 1.000000000000000000e+00
9.999984801534330670e-01 -1.511963682974800261e-03 -8.681340019691163911e-04 9.054293494553322663e-02
8.690618816745908316e-04 6.131429593981036104e-04 9.999994343934185403e-01 -3.974081931086243663e-02
-1.511430537547101688e-03 -9.999986690098805475e-01 6.144560175181636641e-04 1.349545653697698526e+02
0.000000000000000000e+00 0.000000000000000000e+00 0.000000000000000000e+00 1.000000000000000000e+00
9.999963230488932986e-01 -2.149700879212503198e-03 1.653080404405747952e-03 1.504669028665511094e-06
2.148346053210016884e-03 9.999973553495785650e-01 8.209160031975975538e-04 -1.350367724233765045e+02
-1.654840756439790884e-03 -8.173615959671505851e-04 9.999982967095955022e-01 -3.977796198302858965e-02
0.000000000000000000e+00 0.000000000000000000e+00 0.000000000000000000e+00 1.000000000000000000e+00
9.484574664337048003e-04 1.147056745620766765e-03 9.999988923440147337e-01 1.228900572308273473e-04
5.451389111909742195e-05 9.999993405844128658e-01 -1.147108963942829619e-03 -3.797126170031248904e+01
-9.999995487282332673e-01 5.560181479815125028e-05 9.483943104795505711e-04 -3.979236541979523645e-02
0.000000000000000000e+00 0.000000000000000000e+00 0.000000000000000000e+00 1.000000000000000000e+00
-2.948944224425897247e-04 -6.109773945999647795e-05 -9.999999546521719518e-01 3.235069720610970340e-02
3.273228115039403772e-03 9.999946410486065806e-01 -6.206267156912999424e-05 4.608572841803705968e-04
9.999945994929104742e-01 -3.273246268541306001e-03 -2.946928552791459985e-04 1.200000916800536288e+02
0.000000000000000000e+00 0.000000000000000000e+00 0.000000000000000000e+00 1.000000000000000000e+00
-1.257220029600662498e-03 1.074292667881608220e-03 9.999986326455956309e-01 6.994635558786903573e+01
9.999991801192776864e-01 2.445760223554448447e-04 1.256957971309638792e-03 -9.231409916466249506e-06
-2.432253472009130834e-04 9.999993930387324204e-01 -1.074599272963827189e-03 -3.232176889631556416e-02
0.000000000000000000e+00 0.000000000000000000e+00 0.000000000000000000e+00 1.000000000000000000e+00
1.000000000000000000e+00 1.135599298756008637e-15 -2.102026591972415135e-15 2.427903763333659981e+01
-1.135599298756008439e-15 1.000000000000000000e+00 -5.733640599753553256e-15 -1.013917317522729178e+01
2.102026591972415135e-15 5.733640599753553256e-15 1.000000000000000000e+00 5.869936081735198030e+01
0.000000000000000000e+00 0.000000000000000000e+00 0.000000000000000000e+00 1.000000000000000000e+00
